# id	left	top	right	bottom	texture_id
[SPRITES]
120000	0	67	369	126	50

#DIGIT
120010	33	31	40	38	50
120011	44	31	49	38	50
120012	53	31	60	38	50
120013	63	31	70	38	50
120014	73	31	80	38	50
120015	83	31	90	38	50
120016	93	31	100	38	50
120017	103	31	110	38	50
120018	113	31	120	38	50
120019	123	31	130	38	50

# ani_id	sprite1_id	time1	sprite2_id	time2	...
[ANIMATIONS]
120010	120010	100
120011	120011	100
120012	120012	100
120013	120013	100
120014	120014	100
120015	120015	100
120016	120016	100
120017	120017	100
120018	120018	100
120019	120019	100