# id	left	top	right	bottom	texture_id
[SPRITES]
#SUPER STAR
102006	137	120	152	135	30	

#FIRE FLOWER
102007	154	120	169	135	30

#SUPER MUSHROOM
102008	171	120	186	135	30

#WHITE SPRITE
84101	309	445	324	460	30
84102	329	445	338	460	30
84103	309	464	324	479	30
84104	329	464	338	479	30
84105	308	483	323	498	30
84106	328	483	337	498	30
84107	350	445	351	460	30

# ani_id	sprite1_id	time1	sprite2_id	time2	...
[ANIMATIONS]
13700	102008	3000
13701	102006	3000
13702	102007	3000
13703	84101	200	84102	200	84107	200	84102	200
13704	84103	200	84104	200	84107	200	84104	200
13705	84105	200	84106	200	84107	200	84106	200