# id	left	top	right	bottom	texture_id
[SPRITES]
#WALK
103001	6	130	21	155	10
103002	28	128	43	155	10
103003	324	130	339	155	10
103004	302	128	317	155	10

#SHELL UPRIGHT
103005	50	139	65	154	10
103006	367	140	383	155	10
103007	347	140	362	155	10
103008	389	140	404	155	10
103009	71	139	88	154	10

#SHELL FLIPPED
103010	301	164	316	179	10
103011	368	164	383	179	10
103012	347	164	362	179	10
103013	389	164	404	179	10
103014	322	164	339	179	10

# ani_id	sprite1_id	time1	sprite2_id	time2	...
[ANIMATIONS]
15000	103001	130	103002	100
15001	103003	130	103004	100
15002	103005	300
15003	103006	50	103007	50	103008	50	103005	50
15004	103005	150	103009	50
15005	103010	300
15006	103011	50	103012	50	103013	50	103010	50
15007	103010	150	103014	50


