# id	left	top	right	bottom	texture_id
[SPRITES]
############ SMALL ################
#IDLE
12121	247	0	260	15	0
12111	187	0	200	15	0

#WALK RIGHT
12222	275	0	292	15	0
12223	306	0	321	15	0

#WALK LEFT
12212	155	0	170	15	0
12213	125	0	140	15	0

#HOLDING RIGHT
12224	246	120	259	135	0
12225	275	120	290	135	0

#HOLDING LEFT
12214	186	120	199	135	0
12215	154	120	169	135	0

#RUN RIGHT
12321	275	0	290	15	0
12322	306	0	321	15	0
12323	335	0	350	15	0

#RUN LEFT
12311	155	0	170	15	0
12312	125	0	140	15	0
12313	95	0	110	15	0

#JUMP WALK RIGHT & LEFT 
12413	35	80	50	95	0
12417	395	80	410	95	0

#JUMP RUN RIGHT & LEFT 
12423	65	40	80	55	0
12427	365	40	380	55	0

#BRACE RIGHT & LEFT
12511	6	0	19	15	0
12521	426	0	439	15	0

#KICK RIGHT & LEFT
12541	425	80	440	95	0
12531	5	80	20	95	0

#JUMP HOLDING RIGHT
#JUMP HOLDING LEFT

################  BIG  ###################
#IDLE
11121	246	154	259	181	0
11111	186	154	199	181	0

#HOLDING IDLE
11141	336	233	349	260	0
11131	96	233	109	260	0

#WALKING RIGHT
11222	275	154	290	181	0
11223	304	154	321	181	0

#WALKING LEFT
11212	155	154	170	181	0
11213	125	154	140	181	0

#HOLDING RIGHT
11224	276	313	290	340	0
11225	305	315	320	340	0

#HOLDING LEFT
11214	154	313	169	340	0
11215	125	315	140	340	0

#RUNNING RIGHT
11321	334	154	355	181	0
11322	334	154	355	181	0
11323	392	154	413	181	0

#RUNNING LEFT
11311	91	154	112	181	0
11312	65	154	86	181	0
11313	34	154	55	181	0

#JUMP WALK RIGHT & LEFT
11417	395	275	412	302	0
11413	35	275	52	302	0

#JUMP RUN RIGHT & LEFT
11427	394	195	413	222	0
11423	35	195	52	222	0

#SIT RIGHT & LEFT 
11521	426	239	441	256	0
11511	5	239	20	256	0

#BRACE RIGHT & LEFT 
11621	425	154	442	181	0
11611	5	154	22	181	0

#KICK RIGHT & LEFT
11641	422	273	443	300	0
11631	1	273	22	300	0

#DIE
13001	215	120	234	137	0


################# RACOON #################
#IDLE
14121	243	634	268	661	0
14111	177	634	202	661	0

#HOLDING IDLE
14141	241	794	268	821	0
14131	178	794	203	821	0

#WALKING RIGHT
14222	272	634	293	661	0
14223	303	633	324	660	0

#WALKING LEFT
14212	152	634	173	661	0
14213	122	633	143	660	0

#HOLDING RIGHT
14224	272	794	299	821	0
14225	303	794	328	821	0

#HOLDING LEFT
14214	146	794	173	821	0
14215	115	794	142	821	0	

#RUNNING RIGHT
14321	331	634	354	661	0
14322	361	634	384	661	0
14323	392	633	413	660	0

#RUNNING LEFT
14311	91	634	114	661	0
14312	60	634	83	661	0
14313	31	633	52	660	0

#JUMP WALK RIGHT & LEFT
14417	391	753	414	780	0
14413	30	753	53	780	0

#JUMP RUN RIGHT & LEFT
14427	361	753	384	780	0
14423	61	753	84	780	0

#SIT RIGHT & LEFT 
14521	392	719	413	736	0
14511	32	719	53	736	0

#BRACE RIGHT & LEFT 
14621	425	633	440	662	0
14611	5	633	20	662	0

#KICK RIGHT & LEFT
14641	422	754	443	781	0
14631	1	754	22	781	0

#TRANSFORM EFFECT
110040	527	20	542	35	20
110041	546	22	557	33	20
110042	561	22	572	33	20
110043	567	23	586	32	20


# ani_id	sprite1_id	time1	sprite2_id	time2	...
[ANIMATIONS]
################### SMALL #####################
#IDLE 
1100	12121	100
1102	12111	100

#HOLDING IDLE
1110	12224	100
1112	12214	100

#WALK LEFT & RIGHT 
1200	12121	100	12222	100	12223	100
1201	12111	100	12212	100	12213	100

#HOLDING WALK LEFT & RIGHT
1210	12224	100	12225	100
1211	12214	100	12215	100

#RUN LEFT & RIGHT
1300	12321	100	12322	100	12323	100
1301	12311	100	12312	100	12313	100

#BRACE LEFT & RIGHT
1401	12511	100
1400	12521	100

#JUMP WALK
1500	12417	100
1501	12413	100

#HOLDING JUMP
1510	12225	100
1511	12215	100

#JUMP RUN 
1601	12423	100
1600	12427	100

#KICK RIGHT & LEFT
1610	12541	100
1611	12531	100

################# BIG ######################
#IDLE
400	11121	100
401	11111	100

#HOLDING IDLE
410	11141	100
411	11131	100

#WALKING RIGHT & LEFT 
500	11121	100	11222	100	11223	100
501	11111	100	11212	100	11213	100

#HOLDING WALK LEFT & RIGHT
510	11141	100	11224	100	11225	100
511	11131	100	11214	100	11215	100

#RUNNING RIGHT & LEFT
600	11321	50	11322	50	11323	50
601	11311	50	11312	50	11313	50

#JUMP WALK
700	11417	100
701	11413	100

#HOLDING JUMP
710	11225	100
711	11215	100

#JUMP RUN
800	11427	100
801	11423	100

#SIT RIGHT & LEFT 
900	11521	100
901	11511	100

#BRACE RIGHT & LEFT 
1000	11621	100
1001	11611	100

#KICK RIGHT & LEFT
1010	11641	100
1011	11631	100

#TRANSFORM
1020	12121	100	11121	100
1021	12111	100	11111	100

#DIE
999	13001	100


################ RACOON ##################
#IDLE
1700	14121	100
1701	14111	100

#HOLDING IDLE
1710	14141	100
1711	14131	100

#WALKING RIGHT & LEFT 
1800	14121	100	14222	100	14223	100
1801	14111	100	14212	100	14213	100

#HOLDING WALK LEFT & RIGHT
1810	14141	100	14224	100	14225	100
1811	14131	100	14214	100	14215	100

#RUNNING RIGHT & LEFT
1900	14321	50	14322	50	14323	50
1901	14311	50	14312	50	14313	50

#JUMP WALK
2000	14417	100
2001	14413	100

#HOLDING JUM RIGHT & LEFT
2010	14225	100
2011	14215	100

#JUMP RUN
2100	14427	100
2101	14423	100

#SIT RIGHT & LEFT 
2200	14521	100
2201	14511	100

#BRACE RIGHT & LEFT 
2300	14621	100
2301	14611	100

#KICK RIGHT & LEFT
2310	14641	100
2311	14631	100

#TRANSFORM
2320	110040	100	110041	100	110042	100	110043	100

