# id	left	top	right	bottom	texture_id
[SPRITES]

#GREEN====================================
#WALK
103101	114	129	129	156	10
103102	93	130	108	155	10
103103	135	129	150	156	10
103104	157	128	172	157	10

103105	136	231	151	258	10
103106	157	232	172	257	10
103107	115	231	130	258	10
103108	93	230	108	257	10

#RED======================================
103109	192	230	207	255	10
103110	213	228	228	255	10
103111	234	228	249	255	10
103112	256	228	271	255	10

# ani_id	sprite1_id	time1	sprite2_id	time2	...
[ANIMATIONS]

#GREEN====================================
15020	103101	100	103102	100	103103	100	103104	100
15021	103105	100	103106	100	103107	100	103108	100

#RED======================================
15022	103109	100	103110	100	103111	100	103112	100




