# id	left	top	right	bottom	texture_id
[SPRITES]
#Close mouth, open mouth
#TOP LEFT
110000	408	48	423	79	10
110001	384	48	399	79	10

#TOP RIGHT
110010	432	48	447	79	10
110011	456	48	471	79	10

#BOT LEFT
110020	384	9	399	40	10
110021	408	9	423	40	10

#BOT RIGHT
110030	456	9	471	40	10
110031	432	9	447	40	10

#GREEN TOP LEFT
110100	384	311	399	338	10
110101	408	311	423	338	10

#GREEN TOP RIGHT
110110	432	311	447	338	10
110111	456	311	471	338	10

#GREEN BOT LEFT
110120	408	272	423	299	10
110121	384	272	399	299	10

#GREEN BOT RIGHT
110130	432	272	447	299	10
110131	456	272	471	299	10

#DIE EFFECT
110040	527	20	542	35	20
110041	546	22	557	33	20
110042	561	22	572	33	20
110043	567	23	586	32	20

# ani_id	sprite1_id	time1	sprite2_id	time2	...
[ANIMATIONS]
5200	110000	200	110001	200
5201	110010	200	110011	200
5202	110020	200	110021	200
5203	110030	200	110031	200
5204	110040	100	110041	100	110042	100	110043	100

#GREEN
5205	110100	200	110101	200
5206	110110	200	110111	200
5207	110120	200	110121	200
5208	110130	200	110131	200